,0
0,2
1,0
2,0
3,0
4,0
5,0
6,2
7,0
8,2
9,0
10,0
11,0
12,0
13,0
14,0
15,0
16,0
17,0
18,0
19,0
20,0
21,0
22,0
23,0
24,0
25,0
26,1
27,2
28,0
29,0
30,0
31,1
32,0
33,0
34,0
35,0
36,0
37,1
38,0
39,0
40,0
41,0
42,0
43,0
44,4
45,0
46,0
47,2
48,2
49,0
50,0
51,2
52,0
53,0
54,0
55,0
56,1
57,0
58,2
59,0
60,0
61,2
62,0
63,0
64,0
65,2
66,0
67,0
68,2
69,0
70,0
71,0
72,1
73,2
74,0
75,5
76,0
77,0
78,0
79,0
80,2
81,0
82,0
83,0
84,0
85,2
86,2
87,0
88,0
89,0
90,0
91,0
92,0
93,0
94,0
95,0
96,0
97,0
98,0
99,0
100,0
101,0
102,4
103,0
104,0
105,0
106,0
107,0
108,0
109,2
110,0
111,0
112,0
113,2
114,0
115,2
116,0
117,0
118,2
119,2
120,0
121,0
122,2
123,0
124,2
125,1
126,2
127,0
128,0
129,1
130,1
131,0
132,0
133,2
134,0
135,0
136,2
137,0
138,0
139,0
140,0
141,0
142,0
143,2
144,1
145,0
146,0
147,0
148,0
149,2
150,0
151,0
152,0
153,0
154,0
155,0
156,0
157,0
158,0
159,0
160,0
161,1
162,0
163,0
164,0
165,0
166,0
167,2
168,2
169,0
170,0
171,0
172,0
173,0
174,2
175,2
176,0
177,0
178,1
179,0
180,0
181,0
182,0
183,2
184,0
185,2
186,0
187,1
188,0
189,0
190,0
191,0
192,0
193,0
194,0
195,2
196,2
197,0
198,0
199,0
200,0
201,0
202,0
203,0
204,3
205,2
206,2
207,0
208,0
209,0
210,0
211,2
212,0
213,0
214,0
215,0
216,0
217,0
218,0
219,0
220,0
221,0
222,0
223,0
224,0
225,0
226,0
227,1
228,0
229,0
230,0
231,0
232,0
233,0
234,0
235,1
236,0
237,0
238,1
239,0
240,0
241,1
242,0
243,0
244,0
245,0
246,0
247,0
248,0
249,2
250,2
251,0
252,1
253,0
254,1
255,0
256,2
257,0
258,2
259,0
260,0
261,0
262,0
263,2
264,1
265,0
266,0
267,0
268,0
269,2
270,2
271,0
272,0
273,0
274,0
275,0
276,1
277,0
278,0
279,0
280,0
281,2
282,0
283,0
284,0
285,0
286,0
287,2
288,0
289,0
290,0
291,0
292,0
293,0
294,2
295,0
296,1
297,0
298,0
299,2
300,0
301,0
302,0
303,0
304,0
305,0
306,0
307,0
308,0
309,0
310,0
311,0
312,0
313,2
314,0
315,2
316,2
317,0
318,1
319,0
320,0
321,0
322,0
323,0
324,1
325,0
326,0
327,0
328,0
329,0
330,0
331,0
332,0
333,1
334,0
335,1
336,0
337,2
338,0
339,0
340,2
341,0
342,0
343,0
344,0
345,2
346,0
347,1
348,3
349,2
350,0
351,0
352,0
353,0
354,2
355,0
356,0
357,1
358,0
359,2
360,6
361,2
362,1
363,0
364,0
365,1
366,2
367,0
368,0
369,0
370,0
371,0
372,0
373,0
374,0
375,0
376,0
377,0
378,0
379,0
380,0
381,0
382,1
383,0
384,0
385,0
386,0
387,2
388,0
389,0
390,1
391,2
392,0
393,2
394,0
395,0
396,0
397,0
398,5
399,0
400,2
401,0
402,0
403,0
404,2
405,0
406,0
407,0
408,0
409,0
410,0
411,2
412,0
413,0
414,0
415,0
416,0
417,1
418,0
419,0
420,0
421,0
422,2
423,2
424,0
425,0
426,0
427,0
428,0
429,0
430,0
431,2
432,2
433,2
434,0
435,0
436,1
437,2
438,0
439,2
440,2
441,0
442,0
443,0
444,0
445,0
446,0
447,0
448,0
449,0
450,1
451,2
452,0
453,0
454,0
455,0
456,2
457,0
458,2
459,0
460,0
461,0
462,0
463,0
464,0
465,0
466,2
467,0
468,1
469,0
470,0
471,0
472,1
473,0
474,2
475,0
476,0
477,1
478,0
479,0
480,2
481,0
482,0
483,0
484,0
485,0
486,0
487,0
488,0
489,0
490,1
491,0
492,0
493,2
494,0
495,1
496,0
497,0
498,0
499,0
500,0
501,1
502,2
503,0
504,2
505,0
506,0
507,0
508,1
509,0
510,0
511,0
512,2
513,1
514,0
515,0
516,0
517,0
518,0
519,2
520,0
521,0
522,0
523,0
524,0
525,0
526,0
527,2
528,0
529,0
530,2
531,0
532,0
533,2
534,3
535,2
536,0
537,2
538,2
539,0
540,0
541,0
542,2
543,0
544,0
545,0
546,0
547,0
548,0
549,0
550,0
551,0
552,0
553,0
554,2
555,0
556,0
557,0
558,0
559,0
560,0
561,0
562,1
563,0
564,2
565,0
566,0
567,0
568,0
569,0
570,0
571,1
572,0
573,0
574,0
575,0
576,0
577,1
578,0
579,2
580,0
581,0
582,0
583,1
584,4
585,0
586,0
587,2
588,0
589,0
590,0
591,0
592,0
593,0
594,0
595,0
596,0
597,0
598,0
599,2
600,0
601,0
602,0
603,0
604,0
605,2
606,2
607,2
608,0
609,0
610,0
611,0
612,0
613,0
614,0
615,2
616,0
617,0
618,1
619,0
620,2
621,0
622,1
623,0
624,2
625,0
626,0
627,0
628,2
629,1
630,0
631,0
632,0
633,0
634,0
635,0
636,0
637,1
638,1
639,0
640,0
641,0
642,0
643,2
644,0
645,1
646,0
647,0
648,0
649,0
650,2
651,0
652,0
653,0
654,0
655,0
656,0
657,0
658,0
659,2
660,2
661,0
662,2
663,0
664,2
665,0
666,0
667,2
668,1
669,0
670,2
671,0
672,0
673,0
674,2
675,0
676,2
677,0
678,0
679,2
680,0
681,2
682,0
683,0
684,0
685,0
686,0
687,0
688,0
689,0
690,0
691,0
692,0
693,0
694,0
695,0
696,0
697,1
698,0
699,0
700,0
701,2
702,0
703,2
704,0
705,0
706,0
707,0
708,0
709,2
710,0
711,0
712,0
713,3
714,2
715,3
716,0
717,0
718,0
719,0
720,2
721,0
722,0
723,0
724,0
725,2
726,0
727,0
728,0
729,0
730,4
731,0
732,0
733,1
734,0
735,0
736,0
737,0
738,0
739,0
740,2
741,0
742,0
743,2
744,0
745,0
746,0
747,0
748,1
749,1
750,0
751,0
752,0
753,0
754,0
755,0
756,0
757,0
758,0
759,0
760,1
761,0
762,1
763,1
764,2
765,0
766,0
767,1
768,0
769,0
770,0
771,0
772,2
773,0
774,0
775,0
776,0
777,2
778,0
779,0
780,0
781,0
782,0
783,0
784,0
785,0
786,0
787,2
788,0
789,2
790,0
791,0
792,0
793,0
794,0
795,0
796,0
797,0
798,0
799,0
800,0
801,0
802,0
803,0
804,0
805,2
806,0
807,0
808,0
809,0
810,0
811,0
812,0
813,0
814,0
815,0
816,0
817,0
818,2
819,0
820,0
821,0
822,0
823,4
824,0
825,0
826,0
827,0
828,2
829,0
830,1
831,2
832,0
833,0
834,2
835,0
836,0
837,0
838,0
839,0
840,0
841,0
842,0
843,0
844,0
845,0
846,0
847,1
848,1
849,0
850,0
851,2
852,0
853,0
854,0
855,0
856,0
857,0
858,0
859,0
860,0
861,0
862,0
863,0
864,0
865,0
866,0
867,2
868,0
869,0
870,0
871,2
872,2
873,0
874,2
875,4
876,0
877,2
878,0
879,0
880,0
881,0
882,0
883,0
884,0
885,0
886,0
887,0
888,0
889,0
890,0
891,0
892,0
893,0
894,0
895,2
896,1
897,2
898,0
899,0
900,0
901,1
902,0
903,0
904,2
905,3
906,1
907,1
908,1
909,0
910,0
911,2
912,0
913,0
914,1
915,0
916,0
917,2
918,1
919,2
920,0
921,0
922,0
923,0
924,0
925,1
926,0
927,0
928,0
929,1
930,0
931,0
932,0
933,0
934,0
935,0
936,0
937,0
938,2
939,0
940,4
941,0
942,0
943,0
944,0
945,2
946,2
947,0
948,0
949,0
950,1
951,2
952,3
953,0
954,0
955,0
956,1
957,0
958,2
959,2
960,1
961,0
962,0
963,0
964,0
965,0
966,0
967,0
968,2
969,0
970,1
971,0
972,1
973,0
974,0
975,0
976,0
977,0
978,0
979,0
980,3
981,0
982,0
983,0
984,0
985,0
986,2
987,1
988,1
989,0
990,0
991,0
992,0
993,0
994,0
995,0
996,0
997,0
998,4
999,2
